# 4-PAM
y4 = [0.707113203351, 0.0237649250217, 0.0128694370608, 0.00614682836235, 0.0023586080572]
# 0.544116484248, 0.412911777427, 0.568936741876, 0.493489475042, 0.472266948616, 0.489728849205]
x4 = [9.02628334932, 10.0321027788, 11.0303654287, 12.0346849336, 13.0369810183]
# 8.02971885565, 7.0318652518, 6.02608805474, 5.03109357416, 4.03288858849, 3.02920608578]

# 8-PAM
y8 = [0.181467403824, 0.156167420934, 0.344565675382, 0.10439040393, 0.0796038257296, 
0.0800227997038, 0.0581231839836, 0.0393319393563, 0.02444321996, 0.0135572034519, 
0.00663126464463, 0.00283901259936]

x8 = [9.03321692902, 10.0309548193, 11.0350137611, 12.0303675441, 13.0334916224, 
13.0326153397, 14.0332204454, 15.0332789958, 16.025145096, 17.023928583, 
18.0266301253, 19.0252990129]

# 16-PAM
y16 = [0.38370535402, 0.25115175103, 0.235059504776, 0.217357945068, 0.198641274044,
0.113328067855, 0.0912543414774, 0.0703655547722, 0.0513074265081, 0.00615070203217,
0.00258491069971]

x16 = [9.12896673159, 10.1298769357, 11.1281010674, 12.131387838, 13.1295056046,
17.1211661286, 18.1219771225, 19.1209996696, 20.1216156972, 24.119511268, 25.1218307379]


